호칭치수,단위무게,H,B,t1,t2,r,단면적,Ix,Iy,ix,iy,Sx,Sy,Zx,Zy,Cw,J,KS규격여부
100 x 100,17.2,100,100,6,8,10,21.9,383,134,4.18,2.47,76.5,26.7,87.6,41.2,2.83,5.17,O
125 x 125,23.8,125,125,6.5,9,10,30.31,847,293,5.29,3.11,136,46.9,154,71.9,9.87,8.43,O
150 x 75,14.0,150,75,5,7,8,17.85,666,49.5,6.11,1.66,88.8,13.2,102,20.8,2.53,2.81,O
150 x 100,21.1,148,100,6,9,11,26.84,1020,151,6.17,2.37,138,30.1,157,46.7,7.28,7.37,O
150 x 150,31.5,150,150,7,10,11,40.14,1640,563,6.39,3.75,219,75.1,246,115,27.6,13.5,O
200 x 100,18.2,198,99,4.5,7,11,23.18,1580,114,8.26,2.21,160,23.0,180,35.7,10.4,3.86,O
200 x 100,21.3,200,100,5.5,8,11,27.16,1840,134,8.24,2.22,184,26.8,209,41.9,12.3,5.77,O
200 x 150,30.6,194,150,6,9,13,39.01,2690,507,8.3,3.61,277,67.6,309,104,43.4,10.9,O
200 x 200,49.9,200,200,8,12,13,63.53,4720,1600,8.62,5.02,472,160,525,244,142,29.8,O
200 x 200,56.2,200,204,12,12,13,71.53,4980,1700,8.35,4.88,498,167,565,257,150,39.6,O
200 x 200,65.7,208,202,10,16,13,83.69,6530,2200,8.83,5.13,628,218,710,332,203,66.7,X
250 x 125,25.7,248,124,5,8,12,32.68,3540,255,10.4,2.79,285,41.1,319,63.6,36.7,6.74,O
250 x 125,29.6,250,125,6,9,12,37.66,4050,294,10.4,2.79,324,47.0,366,73.1,42.7,9.68,O
250 x 175,44.1,244,175,7,11,16,56.24,6120,985,10.4,4.18,502,113,558,173,134,23.2,O
250 x 250,64.4,244,252,11,11,16,82.06,8790,2940,10.3,5.98,720,233,805,358,399,39.5,X
250 x 250,66.5,248,249,8,13,16,84.7,9930,3350,10.8,6.29,801,269,883,408,462,46.7,X
250 x 250,72.4,250,250,9,14,16,92.18,10800,3650,10.8,6.29,867,292,960,444,508,58.7,O
250 x 250,82.2,250,255,14,14,16,104.7,11500,3880,10.5,6.09,919,304,1040,468,540,79.0,O
300 x 150,32.0,298,149,5.5,8,13,40.8,6320,442,12.4,3.29,424,59.3,475,91.8,92.9,8.65,O
300 x 150,36.7,300,150,6.5,9,13,46.78,7210,508,12.4,3.29,481,67.7,542,105,107,12.4,O
300 x 200,56.8,294,200,8,12,18,72.38,11300,1600,12.5,4.71,771,160,859,247,319,35.8,O
300 x 200,65.4,298,201,9,14,18,83.36,13300,1900,12.6,4.77,893,189,1000,291,383,53.4,X
300 x 300,84.5,294,302,12,12,18,107.7,16900,5520,12.5,7.16,1150,365,1280,560,1097,61.4,O
300 x 300,87.0,298,299,9,14,18,110.8,18800,6240,13.0,7.5,1270,417,1390,634,1258,71.3,X
300 x 300,94.0,300,300,10,15,18,119.8,20400,6750,13.1,7.51,1360,450,1500,684,1372,88.1,O
300 x 300,106,300,305,15,15,18,134.8,21500,7100,12.6,7.26,1440,466,1610,716,1443,116,O
300 x 300,106,304,301,11,17,18,134.8,23400,7730,13.2,7.57,1540,514,1710,781,1592,125,X
300 x 300,130,310,305,15,20,18,165.3,28600,9470,13.2,7.57,1850,621,2080,949,1991,215,X
300 x 300,142,310,310,20,20,18,180.8,29900,10000,12.9,7.44,1930,645,2200,992,2093,271,X
350 x 175,41.4,346,174,6,9,14,52.68,11100,792,14.5,3.88,641,91.0,716,140,225,13.6,O
350 x 175,49.6,350,175,7,11,14,63.14,13600,984,14.7,3.95,775,112,868,174,283,23.0,O
350 x 175,57.8,354,176,8,13,14,73.68,16100,1180,14.8,4.01,909,135,1020,208,344,36.1,X
350 x 250,69.2,336,249,8,12,20,88.15,18500,3090,14.5,5.92,1100,248,1210,380,812,44.6,X
350 x 250,79.7,340,250,9,14,20,101.5,21700,3650,14.6,6.0,1280,292,1410,447,970,66.3,O
350 x 350,106,338,351,13,13,20,135.3,28200,9380,14.4,8.33,1670,534,1850,818,2477,90.3,X
350 x 350,115,344,348,10,16,20,146.0,33300,11200,15.1,8.78,1940,646,2120,980,3024,121,O
350 x 350,131,344,354,16,16,20,166.6,35300,11800,14.6,8.43,2050,669,2300,1030,3186,164,X
350 x 350,137,350,350,12,19,20,173.9,40300,13600,15.2,8.84,2300,777,2550,1180,3721,199,O
350 x 350,156,350,357,19,19,20,198.4,42800,14400,14.7,8.53,2450,809,2760,1240,3953,270,X
400 x 200,56.6,396,199,7,11,16,72.16,20000,1450,16.7,4.48,1010,145,1130,224,536,27.1,O
400 x 200,66.0,400,200,8,13,16,84.12,23700,1740,16.8,4.54,1190,174,1330,268,650,42.2,O
400 x 200,75.5,404,201,9,15,16,96.16,27500,2030,16.9,4.6,1360,202,1530,312,770,62.3,X
400 x 300,94.3,386,299,9,14,22,120.1,33700,6240,16.7,7.21,1750,418,1920,637,2160,79.9,X
400 x 300,107,390,300,10,16,22,136.0,38700,7210,16.9,7.28,1980,481,2190,733,2521,114,O
400 x 400,140,388,402,15,15,22,178.5,49000,16300,16.6,9.54,2530,809,2800,1240,5655,156,O
400 x 400,147,394,398,11,18,22,186.8,56100,18900,17.3,10.1,2850,951,3120,1440,6688,194,O
400 x 400,168,394,405,18,18,22,214.4,59700,20000,16.7,9.65,3030,985,3390,1510,7053,264,X
400 x 400,172,400,400,13,21,22,218.7,66600,22400,17.5,10.1,3330,1120,3670,1700,8048,303,O
400 x 400,197,400,408,21,21,22,250.7,70900,23800,16.8,9.75,3540,1170,3990,1790,8550,415,O
400 x 400,200,406,403,16,24,22,254.9,78000,26200,17.5,10.1,3840,1300,4280,1980,9558,462,X
400 x 400,232,414,405,18,28,22,295.4,92800,31000,17.7,10.2,4480,1530,5030,2330,11557,714,O
400 x 400,283,428,407,20,35,22,360.7,119000,39400,18.2,10.4,5570,1930,6310,2940,15198,1317,O
400 x 400,415,458,417,30,50,22,528.6,187000,60500,18.8,10.7,8170,2900,9540,4440,25188,3885,O
400 x 400,605,498,432,45,70,22,770.1,298000,94400,19.7,11.1,12000,4370,14500,6720,43214,11063,O
450 x 200,66.2,446,199,8,12,18,84.3,28700,1580,18.5,4.33,1290,159,1450,247,744,38.3,O
450 x 200,76.0,450,200,9,14,18,96.76,33500,1870,18.6,4.4,1490,187,1680,291,890,56.9,O
450 x 300,106,434,299,10,15,24,135.0,46800,6690,18.6,7.04,2160,448,2380,686,2937,104,X
450 x 300,124,440,300,11,18,24,157.4,56100,8110,18.9,7.18,2550,541,2820,828,3611,163,O
450 x 300,121,440,300,11,18,13,153.9,54700,8110,18.9,7.26,2490,541,2760,823,3610,142,O
500 x 200,77.9,496,199,9,14,13,99.29,40800,1840,20.3,4.3,1650,185,1870,288,1070,52.9,O
500 x 200,88.2,500,200,10,16,13,112.3,46800,2140,20.4,4.37,1870,214,2130,333,1250,76.4,O
500 x 300,111,482,300,11,15,13,141.2,58300,6760,20.3,6.92,2420,451,2700,690,3680,95.5,O
500 x 300,125,488,300,11,18,13,159.2,68900,8110,20.8,7.14,2820,541,3130,825,4470,144,O
600 x 200,92.5,596,199,10,15,13,117.8,66600,1980,23.8,4.1,2230,199,2580,312,1660,70.0,O
600 x 200,103,600,200,11,17,13,131.7,75600,2270,24.0,4.15,2520,227,2900,358,1930,98.2,O
600 x 300,133,582,300,12,17,13,169.2,99000,7660,24.2,6.73,3400,511,3820,786,6110,139,O
600 x 300,147,588,300,12,20,13,187.2,114000,9010,24.7,6.94,3880,601,4350,921,7260,200,O
600 x 300,170,594,302,14,23,13,217.1,134000,10600,24.8,6.99,4510,702,5060,1080,8610,306,O
700 x 300,163,692,300,13,20,18,207.5,168000,9020,28.5,6.59,4860,601,5500,931,10200,228,O
700 x 300,182,700,300,13,24,18,231.5,197000,10800,29.2,6.83,5630,720,6340,1110,12300,342,O
800 x 300,188,792,300,14,22,18,239.5,248000,9920,32.2,6.44,6260,661,7140,1030,14700,305,O
800 x 300,207,800,300,14,26,18,263.5,286000,11700,32.9,6.66,7150,780,8100,1210,17500,440,O
900 x 300,210,890,299,15,23,18,266.9,339000,10300,35.6,6.21,7620,689,8750,1080,19300,365,O
900 x 300,240,900,300,16,28,18,305.8,404000,12600,36.3,6.42,8980,840,10300,1320,24000,581,O
900 x 300,283,912,302,18,34,18,360.1,491000,15700,36.9,6.6,10770,1040,12300,1620,30100,981,O
900 x 300,304,918,303,19,37,18,387.4,535000,17200,37.2,6.66,11660,1140,13400,1780,33300,1240,O
